,Al2O3,CaO+Na2O,K20
a,0.796,0.057,0.147
b,0.494,0.496,0.01
c,0.627,0.366,0.007
d,0.838,0.024,0.138
e,0.711,0.271,0.018
f,0.762,0.018,0.22
g,0.722,0.013,0.265
h,0.672,0.012,0.317
i,0.772,0.15,0.078
j,0.611,0.381,0.008
k,0.815,0.15,0.035
l,0.836,0.138,0.027
m,0.816,0.087,0.097
n,0.856,0.013,0.131
o,0.828,0.156,0.016
p,0.824,0.077,0.099
q,0.809,0.169,0.023
r,0.85,0.035,0.115
s,0.808,0.013,0.179
t,0.739,0.241,0.019
